Step   N     Twist    Roll    Tilt    Shift    Slide    Rise
AA    163     3.61    4.55    1.69    0.32    0.39    0.19
AC    154     3.10    3.91    1.85    0.48    0.32    0.20
AG    128     4.06    4.07    2.27    0.51    0.51    0.24
AT    174     3.04    3.64    1.25    0.39    0.27    0.18
CA    146     4.17    4.67    2.15    0.56    0.77    0.26
CC    133     4.76    4.37    2.86    0.67    0.73    0.27
CG    124     4.49    5.54    2.42    0.69    0.56    0.28
CT    128     4.06    4.07    2.27    0.51    0.51    0.24
GA    138     4.03    3.78    2.06    0.48    0.61    0.20
GC    102     4.94    4.37    2.42    0.65    0.60    0.20
GG    133     4.76    4.37    2.86    0.67    0.73    0.27
GT    154     3.10    3.91    1.85    0.48    0.32    0.20
TA    156     7.07    6.17    2.35    0.48    0.91    0.21
TC    138     4.03    3.78    2.06    0.48    0.61    0.20
TG    146     4.17    4.67    2.15    0.56    0.77    0.26
TT    163     3.61    4.55    1.69    0.32    0.39    0.19
