Step   N     Twist    Roll    Tilt    Shift    Slide    Rise
AA    163    35.31    0.76   -1.84   -0.05   -0.21    3.27
AC    154    31.52    0.91   -0.64    0.21   -0.54    3.39
AG    128    33.05    3.15   -1.48    0.12   -0.27    3.38
AT    174    31.21   -1.39    0.00    0.00   -0.56    3.39
CA    146    35.02    5.95   -0.05   -0.16    0.18    3.38
CC    133    33.17    3.86    0.40    0.02   -0.47    3.28
CG    124    35.30    4.29    0.00    0.00    0.57    3.49
CT    128    33.05    3.15    1.48   -0.12   -0.27    3.38
GA    138    34.80    3.87   -1.52   -0.27   -0.03    3.35
GC    102    34.38    0.67    0.00    0.00   -0.07    3.38
GG    133    33.17    3.86   -0.40   -0.02   -0.47    3.28
GT    154    31.52    0.91    0.64   -0.21   -0.54    3.39
TA    156    36.20    5.25    0.00    0.00    0.03    3.34
TC    138    34.80    3.87    1.52    0.27   -0.03    3.35
TG    146    35.02    5.95    0.05    0.16    0.18    3.38
TT    163    35.31    0.76    1.84    0.05   -0.21    3.27
